1.000000000000000056e-01 8.299999999999999600e-01
2.000000000000000111e-01 1.729999999999999982e+00
2.999999999999999889e-01 5.500000000000000000e+00
4.000000000000000222e-01 7.300000000000000000e+01
4.099999999999999756e-01 1.170000000000000000e+02
4.199999999999999845e-01 1.920000000000000000e+02
4.299999999999999933e-01 4.030000000000000000e+02
4.400000000000000022e-01 6.900000000000000000e+02
4.405999999999999917e-01 7.250000000000000000e+02
4.406869999999999954e-01 7.680000000000000000e+02
